-0.02207828
1.016531
1.203514
0.2256552
0.7489119
0.7105045
0.6893892
1.36127
1.24843
0.4120436
1.12185
1.237084
1.600071
-0.03047902
0.3820405
1.545015
0.6103857
1.343856
1.349842
1.433733
1.396511
1.291084
1.29338
1.141984
0.7523707
1.082228
0.9144428
0.6147474
1.952077
0.5173009
1.547838
0.7939127
0.5684933
0.6201857
-0.3611276
0.8829284
1.122912
0.9872462
1.541338
0.5583319
1.141884
0.9459247
1.509294
1.562508
0.6267887
1.202809
0.2177036
1.133673
0.5934672
2.336055
0.4841936
1.087329
-0.1203072
0.2825641
1.462106
0.8637874
1.281252
1.00113
1.626875
0.7680693
0.1660261
0.4543729
1.351555
0.8989524
1.053379
0.4436151
1.287909
0.7038367
1.505645
0.578398
0.4116891
0.6561934
1.184764
0.916352
1.664843
1.575277
1.230665
1.42888
1.1062
0.8697354
0.574103
0.3851224
1.248969
1.597497
0.2935989
0.3023614
2.034601
1.124846
1.902973
0.2737354
0.6292383
0.7087202
1.172196
0.832815
1.304546
0.4777371
0.7583494
1.032192
-0.0770034
0.9158894
0.02695425
0.8360643
1.980859
0.5871475
0.633616
1.712509
1.171744
1.304573
0.7319747
1.189831
1.326054
2.301217
0.621154
0.9431486
0.8394672
0.4940976
0.9707009
0.5543764
1.475394
0.7540438
0.5711845
1.887719
1.341046
1.407011
1.336462
0.2041705
1.410596
1.231837
1.30465
0.8388734
1.69813
0.6111535
0.409824
1.38567
1.245413
0.9343946
1.730451
0.6546552
0.8620558
1.079622
0.06765351
1.391241
0.5301898
0.5451393
1.915864
1.560757
2.700125
1.518918
1.622102
0.7414495
2.593723
0.64222
0.7707256
-0.1184728
0.9719466
1.129041
1.023327
1.554656
0.7691653
1.401423
1.095944
0.1881284
1.25838
1.348733
1.216823
1.85183
1.248128
0.9048205
0.9821446
0.8952258
0.811543
1.684169
1.621006
0.4792299
1.363543
0.4803825
0.4796927
0.8497969
1.315699
0.830548
0.9916859
0.3575589
1.321684
1.795105
0.8492083
1.822553
1.352867
1.976534
1.218825
1.177716
0.3401841
0.9382222
1.73794
0.4954462
0.5474872
1.068648
2.129619
1.156204
1.037972
0.2509542
1.849456
1.064548
0.9791146
0.1515819
0.3849765
1.203954
1.260587
0.3793922
1.635299
1.3801
1.118933
1.026127
1.350809
0.9061012
1.432284
0.3723578
0.7915416
1.014606
0.4568008
0.6550338
1.115207
0.1889245
1.252499
0.1282813
0.7349838
0.7014613
0.472765
0.8661351
1.394513
1.767165
1.075503
0.8848133
0.9682219
1.004517
1.044044
1.791243
1.376097
1.427307
1.155553
1.574252
2.194921
1.595538
0.9857182
0.6484042
1.413215
0.6732163
1.541485
0.6775861
-0.05742514
0.8510305
1.14411
1.050613
0.476792
0.8287441
0.5054784
0.5281864
1.307318
1.681458
1.351295
1.623759
1.287712
0.8463499
1.860554
1.485369
1.315865
1.842706
1.408124
0.6887856
0.4511907
0.855452
0.6470189
0.634238
0.69447
1.889015
1.047097
1.722495
1.521653
0.8948649
1.551999
0.1970617
0.4833171
1.521039
0.8696734
1.033085
0.2819292
1.055481
1.595353
0.8525361
1.080287
1.430735
0.6789528
0.5750446
1.030737
0.1711689
0.7294696
1.861413
1.207909
1.007153
1.528115
0.8621801
0.8490045
0.6311392
1.118821
0.372501
0.1348368
2.395733
0.8412865
0.9902146
1.51428
0.7521332
0.7317849
1.893769
1.168279
1.388241
1.230311
1.273348
0.6210913
0.8516852
0.5907143
1.259462
1.553759
1.373255
0.6621438
0.3713048
1.625935
0.7647054
0.8382025
0.8544682
0.1728279
1.084043
1.824203
1.116842
0.8463349
0.05514952
1.073929
1.072614
0.8054861
1.110428
0.5900001
1.103367
0.9291001
0.7045362
0.4595247
0.6102542
1.137461
1.236963
0.6721423
0.8708125
0.1306126
1.456053
1.23911
0.8209431
0.4995437
0.3120642
0.70558
0.4947438
1.294109
1.793746
1.162178
1.166757
1.489565
2.260819
0.4386955
0.7192392
-0.1180436
1.28452
1.425581
1.106255
0.7702234
0.9381186
1.250704
1.67104
0.3984578
1.417487
1.181444
0.07977834
1.270816
0.7507259
0.8353213
1.091676
1.454706
1.143916
0.949742
0.258752
1.118823
0.8943303
1.429937
0.8435036
0.8292842
0.9739304
1.034754
1.316603
0.588065
1.238334
0.5735311
0.9274761
0.3631358
0.2607318
0.6655201
0.9649688
0.2738124
1.070212
-0.1183905
0.7948039
1.525896
1.620177
1.609908
2.014088
0.6066892
0.6639162
0.870764
0.309191
1.167187
1.123184
0.8407162
1.415242
0.5220322
1.765205
0.2275856
1.185192
-0.1525663
1.49852
0.691148
1.443181
1.067218
-0.06049891
0.8791449
1.748982
-0.8327747
1.214466
0.9844394
1.549385
0.2296184
0.9717526
1.524477
-0.2247467
0.89693
1.956376
2.26384
0.8405428
0.9667495
1.063763
1.794321
1.876375
0.5243636
0.8681849
0.9725559
0.4088394
1.275566
0.9366768
1.510233
1.118528
1.479728
1.929697
1.202724
0.2253108
0.3908415
0.7444186
1.415161
1.233927
1.738683
1.306389
1.004408
1.198879
1.272481
0.7388775
1.060556
1.270971
0.6342007
0.7184288
1.353952
1.008794
0.8137219
0.7640894
0.2094471
0.7563266
2.062452
0.9821482
0.3180023
0.4695934
0.5125514
1.230272
-0.2218137
1.793659
1.75798
0.6373482
0.974722
-0.2053168
1.207009
1.344993
1.393429
0.1110915
1.286634
1.769797
1.418069
1.862403
0.9531407
1.468534
1.848761
0.3425185
0.7054231
1.096707
0.4168916
0.5874225
0.910669
1.124494
1.104162
1.175722
0.2992624
0.3702879
1.367401
0.3307043
0.2475274
1.458306
0.4212405
0.2553211
2.228508
0.6443935
0.7185469
0.4130501
1.220049
1.05224
0.7295107
1.409946
0.6364999
1.775476
0.5987488
1.494062
1.071665
0.6710157
0.1023455
0.6540425
0.9724974
1.551427
0.8480058
0.8288744
1.221844
0.7906185
0.9362542
1.058346
0.03147564
0.8191175
0.141841
0.3962944
-0.1224553
0.5634621
1.171216
2.164896
1.087309
0.9172794
1.495406
1.492555
1.486727
0.7142579
1.041391
0.9731115
1.346473
1.327432
0.9279995
1.010237
2.012308
1.52288
0.2544423
0.7370354
0.9505734
1.387624
0.8356074
1.509572
1.102589
0.4978874
0.5812417
1.282647
2.040184
0.9074121
1.489817
0.4654341
0.9640298
0.7675682
1.014944
0.9670265
0.6197468
1.302155
1.103855
0.7190822
1.028017
0.537309
0.3795459
0.8494161
0.4661461
0.5099315
1.069643
0.7248717
0.9418169
1.406013
1.02054
1.499612
1.372219
1.961725
1.234549
0.6678892
1.656935
0.4284106
1.003788
0.6691296
0.5783539
1.615174
0.4704973
1.32103
0.1040389
0.709956
1.187196
1.263729
1.414268
-0.02888653
0.6511372
1.206923
1.239503
1.896916
0.3899873
0.9647837
1.658744
0.6009874
0.554569
1.27834
0.8364224
1.334615
-0.03620774
1.106558
1.265231
1.154299
1.752313
1.453718
0.07908195
1.062351
1.256339
1.400343
0.6876191
2.286793
1.131787
1.4909
1.622596
0.4218604
1.387683
1.275072
1.113866
0.9061582
0.5578219
1.721034
0.9940945
0.1490158
0.992281
0.9608142
1.321258
0.4219034
1.848613
1.755462
0.3431108
1.293132
1.957701
1.367659
0.1108474
0.5815983
0.8013787
0.8087123
0.7785952
0.8821446
1.102531
0.4386514
0.4821898
1.207566
0.7632829
0.3242957
1.005907
1.237211
0.6749555
1.397038
0.5998345
0.3722264
1.58415
0.5586733
1.81752
1.134279
1.070783
0.9568995
1.402512
1.241338
0.5266413
1.449577
1.189412
1.088501
0.6716192
1.182284
0.1525084
1.701652
0.5199381
0.4214065
1.227035
1.346206
1.049915
1.4086
1.539627
0.7358797
0.9077902
0.3944392
0.5415301
0.8294807
1.181404
1.252766
1.296445
1.478307
1.638745
0.6423415
1.301143
0.589031
0.5068015
1.179363
1.629965
0.5453716
1.741939
1.599011
1.443636
1.325964
1.288077
1.111575
0.6056852
0.5102779
0.4537932
1.105146
0.4303662
1.385316
1.014075
0.3518521
0.7166872
-0.183261
-0.3349773
0.4482436
1.137875
0.135139
1.065797
-0.9192659
0.4500867
0.6818573
1.482768
1.404371
1.398741
0.6746591
1.500623
1.552863
1.346187
0.5550741
0.4008567
1.1401
-0.1226384
1.47199
0.7227642
-0.2161313
0.9064965
1.064971
1.613487
0.0159277
0.3794212
0.5715284
1.661369
0.2455485
1.199114
1.580809
0.9205375
1.109046
1.762208
0.382386
1.091772
1.660791
0.9250158
0.8396621
1.719606
1.029172
1.51635
1.187729
1.155647
1.221488
1.18639
0.1874275
1.053433
1.266362
0.2595827
1.281666
1.655751
1.29445
1.061925
0.9902295
0.5831596
1.383079
1.817685
0.99525
0.8785307
1.323016
1.219354
0.4676914
1.032782
2.103642
1.485804
1.325652
0.6341398
1.669054
0.4460713
1.06833
0.7687802
1.067766
0.08504477
0.4234727
1.723838
1.153439
1.039687
1.438113
1.263504
0.8091954
0.1135179
0.847273
0.5095113
0.4643933
0.4566933
1.153856
0.5111578
1.316979
0.7980389
2.110621
1.182013
1.604184
1.197481
0.9996093
1.059235
0.9309176
1.00437
0.1363204
0.7183432
0.7027944
0.5915024
0.3945772
1.187774
2.184553
1.854635
0.8156809
0.8654734
0.4250523
0.03214743
1.299837
0.4425725
1.077627
1.345011
0.5231185
1.274466
1.287254
1.282919
0.3716124
2.087832
0.660283
1.585826
1.072129
0.9633473
0.805121
1.080157
0.3128207
0.1738242
1.681387
0.116444
0.7089821
1.248176
1.578167
0.1435691
0.2999777
0.8526693
0.6312865
0.6266484
1.140369
0.9620868
1.936918
0.8709237
0.3279814
0.8592644
0.9417073
1.480649
1.294388
1.35606
1.456675
0.7622327
0.9275441
1.23758
1.067983
1.70629
0.9181747
1.495049
1.739691
1.491382
0.888348
0.4940387
1.342632
0.2731305
0.9492596
0.8346018
1.452264
1.315361
2.931838
1.01852
1.152217
0.7662685
0.5172361
0.4940968
1.455149
1.964117
0.8216
1.462087
0.8558678
1.460153
1.198314
0.6619136
0.7395525
1.285891
0.637155
0.5707026
1.612376
1.445592
0.9551321
0.5962034
1.156775
0.8453805
1.930356
0.9158772
2.394909
0.5904328
0.3268089
1.983171
-0.07470357
0.2325853
0.2177808
0.9700886
0.6805
1.955451
1.280545
0.8148981
1.158211
1.00692
1.199656
0.7775192
0.4723281
1.09627
0.9398563
0.9871726
1.850535
1.365434
1.603153
0.9655209
1.351897
1.099744
1.137101
1.946301
0.8567671
1.701896
1.351717
-0.03112733
-0.1250198
1.044443
1.440621
0.8790186
1.591124
0.6253703
1.146912
0.8629305
0.3968456
1.595455
0.6499449
0.828961
0.2329618
1.824751
0.2946822
1.397819
0.7201954
1.106136
0.5260072
0.6252377
1.621055
1.559604
1.216305
0.9141688
1.428417
1.042339
1.15855
1.208298
-0.05795222
1.264923
0.8334523
1.552757
1.086609
1.255549
0.4291889
0.840533
0.8033122
1.310759
0.8123638
1.204088
0.5393947
